32 1 9.63323
32 1 10.1296
32 2 7.61458
32 2 6.53782
32 3 7.62615
32 3 5.82749
32 4 7.64218
32 4 5.53656
32 5 7.70003
32 5 5.80942
32 6 7.70741
32 6 5.73373
32 7 7.68768
32 7 5.59649
32 8 7.70251
32 8 5.49646
32 9 7.72659
32 9 5.54727
32 10 7.75614
32 10 5.63854
32 11 7.8525
32 11 5.98644
32 12 7.77099
32 12 5.64983
32 13 8.01503
32 13 6.22615
32 14 7.85716
32 14 5.89118
32 15 7.83439
32 15 5.69101
32 16 7.78797
32 16 5.50335
32 17 8.19975
32 17 6.35097
32 18 8.03587
32 18 6.03353
32 19 8.02823
32 19 5.95703
32 20 7.93153
32 20 5.77146
32 21 7.93109
32 21 5.7197
32 22 8.41087
32 22 7.07482
32 23 8.37677
32 23 6.81526
32 24 8.31703
32 24 6.81941
32 25 8.32264
32 25 6.56587
32 26 8.22743
32 26 6.48944
32 27 7.99111
32 27 6.22902
32 28 7.99554
32 28 6.29638
32 29 8.00034
32 29 6.00517
32 30 7.95873
32 30 6.07262
32 31 7.94808
32 31 5.9179
32 32 7.91398
32 32 5.9975
64 1 7.61342
64 1 6.45651
64 2 7.63403
64 2 5.51761
64 3 7.67989
64 3 5.5682
64 4 7.68758
64 4 5.32392
64 5 7.74461
64 5 5.60201
64 6 7.77272
64 6 5.61578
64 7 7.8872
64 7 5.88981
64 8 7.81567
64 8 5.41091
64 9 8.08263
64 9 6.09707
64 10 7.96682
64 10 5.70202
64 11 8.51258
64 11 7.09572
64 12 8.41854
64 12 6.72169
64 13 8.28847
64 13 6.28618
64 14 8.0246
64 14 6.04249
64 15 8.00892
64 15 5.89124
64 16 7.95563
64 16 5.77614
96 1 7.61974
96 1 5.84393
96 2 7.65475
96 2 5.48714
96 3 7.67149
96 3 5.32162
96 4 7.73907
96 4 5.49215
96 5 7.79618
96 5 5.56314
96 6 8.01271
96 6 5.99792
96 7 7.88723
96 7 5.54814
96 8 8.4076
96 8 6.6415
96 9 8.02299
96 9 6.09269
96 10 7.99798
96 10 5.75414
128 1 7.62816
128 1 5.62127
128 2 7.66414
128 2 5.24619
128 3 7.74373
128 3 5.5116
128 4 7.76551
128 4 5.29952
128 5 7.88378
128 5 5.60515
128 6 8.30544
128 6 6.56248
128 7 8.00188
128 7 5.93018
128 8 7.94675
128 8 5.60015
160 1 7.64051
160 1 5.71082
160 2 7.69651
160 2 5.40187
160 3 7.77566
160 3 5.48023
160 4 7.84095
160 4 5.55527
160 5 8.14017
160 5 6.38894
160 6 7.92473
160 6 5.71252
192 1 7.66098
192 1 5.67203
192 2 7.73181
192 2 5.41575
192 3 7.95007
192 3 5.91158
192 4 8.15907
192 4 6.51454
192 5 7.95446
192 5 5.61753
224 1 7.6467
224 1 5.52495
224 2 7.79619
224 2 5.65294
224 3 7.81719
224 3 5.37821
224 4 7.91772
224 4 5.94568
256 1 7.66595
256 1 5.47137
256 2 7.75812
256 2 5.26258
256 3 8.10751
256 3 6.32511
256 4 7.91917
256 4 5.35286
288 1 7.66235
288 1 5.49364
288 2 7.92861
288 2 5.86699
288 3 7.97473
288 3 5.8972
320 1 7.70439
320 1 5.59766
320 2 7.86805
320 2 5.51392
320 3 7.92933
320 3 5.4243
352 1 7.77597
352 1 5.90754
352 2 8.11079
352 2 6.55036
384 1 7.7329
384 1 5.63358
384 2 8.05355
384 2 6.17129
416 1 7.87561
416 1 6.17634
416 2 8.01516
416 2 5.9161
448 1 7.81074
448 1 5.84846
448 2 7.90478
448 2 5.66559
480 1 7.74927
480 1 5.64366
480 2 7.85144
480 2 5.48623
512 1 7.74098
512 1 5.51038
512 2 7.87163
512 2 5.23173
544 1 7.97919
544 1 6.28137
576 1 7.93031
576 1 6.06306
608 1 7.93607
608 1 6.01569
640 1 7.871
640 1 5.82856
672 1 7.82466
672 1 5.63984
704 1 8.13525
704 1 6.82859
736 1 8.06259
736 1 6.56219
768 1 8.06646
768 1 6.55601
800 1 7.97699
800 1 6.36893
832 1 8.01318
832 1 6.3025
864 1 7.95683
864 1 6.2829
896 1 7.9171
896 1 6.05546
928 1 7.84523
928 1 5.99299
960 1 7.91283
960 1 5.98292
992 1 7.99628
992 1 5.97444
1024 1 7.84246
1024 1 5.75574
