32 9.28489
32 10.1267
64 7.61473
64 6.53842
96 7.63874
96 5.82779
128 7.64272
128 5.53707
160 7.70037
160 5.81006
192 7.71089
192 5.73468
224 7.68811
224 5.59648
256 7.7029
256 5.49673
288 7.72367
288 5.54664
320 7.75666
320 5.63862
352 7.85288
352 5.98632
384 7.77145
384 5.65014
416 8.0151
416 6.22692
448 7.85767
448 5.89023
480 7.83554
480 5.69109
512 7.78829
512 5.50244
544 8.20008
544 6.35136
576 8.03558
576 6.03443
608 8.02776
608 5.95637
640 7.93196
640 5.77196
672 7.93126
672 5.71899
704 8.4115
704 7.07473
736 8.377
736 6.81531
768 8.31764
768 6.82179
800 8.32321
800 6.56657
832 8.22773
832 6.49225
864 7.99206
864 6.23116
896 7.99457
896 6.28925
928 8.00047
928 6.00727
960 7.95921
960 6.0768
992 7.94819
992 5.91635
1024 7.91478
1024 5.99169
64 7.61327
64 6.46741
128 7.63445
128 5.51805
192 7.68029
192 5.5691
256 7.68805
256 5.32407
320 7.74494
320 5.60219
384 7.77289
384 5.61568
448 7.88769
448 5.89076
512 7.81578
512 5.41124
576 8.08293
576 6.09656
640 7.96738
640 5.70251
704 8.51149
704 7.09495
768 8.41921
768 6.72177
832 8.28825
832 6.28551
896 8.02436
896 6.04238
960 8.00789
960 5.89231
1024 7.95665
1024 5.77661
96 7.61965
96 5.84455
192 7.65502
192 5.48745
288 7.67186
288 5.32159
384 7.73774
384 5.49103
480 7.79694
480 5.56345
576 8.01263
576 5.99835
672 7.88747
672 5.54711
768 8.4082
768 6.64318
864 8.02441
864 6.09404
960 7.9986
960 5.75531
128 7.6287
128 5.62197
256 7.66552
256 5.24573
384 7.74435
384 5.51186
512 7.76611
512 5.30021
640 7.88427
640 5.6056
768 8.30687
768 6.5637
896 8.00227
896 5.93096
1024 7.94793
1024 5.60056
160 7.64053
160 5.71166
320 7.69704
320 5.40232
480 7.7759
480 5.47997
640 7.84108
640 5.55653
800 8.14066
800 6.39061
960 7.92443
960 5.71251
192 7.66119
192 5.67236
384 7.73187
384 5.41642
576 7.95016
576 5.91117
768 8.1602
768 6.51462
960 7.95608
960 5.6172
224 7.64699
224 5.52496
448 7.79622
448 5.65355
672 7.81792
672 5.37895
896 7.91889
896 5.94553
256 7.66612
256 5.47208
512 7.75821
512 5.26296
768 8.1075
768 6.32654
1024 7.91888
1024 5.3524
288 7.66277
288 5.49434
576 7.92929
576 5.86739
864 7.97465
864 5.89858
320 7.7045
320 5.59808
640 7.86834
640 5.514
960 7.93842
960 5.42567
352 7.7759
352 5.90909
704 8.1115
704 6.55135
384 7.73318
384 5.63339
768 8.05391
768 6.16973
416 7.87626
416 6.17667
832 8.01558
832 5.91632
448 7.81116
448 5.84928
896 7.90593
896 5.66601
480 7.74998
480 5.64407
960 7.85136
960 5.48571
512 7.74127
512 5.51082
1024 7.87141
1024 5.23248
544 7.97897
544 6.28237
576 7.93075
576 6.06321
608 7.93741
608 6.01581
640 7.87129
640 5.82976
672 7.8253
672 5.63998
704 8.13612
704 6.82939
736 8.06279
736 6.56271
768 8.06674
768 6.5565
800 7.97712
800 6.3688
832 8.01353
832 6.30405
864 7.95678
864 6.28438
896 7.91847
896 6.05628
928 7.84539
928 5.99378
960 7.9135
960 5.9829
992 7.99616
992 5.97464
1024 7.84256
1024 5.75642